# ====================
# | Model parameters |
# ====================
#
# Continuous equation parameters
 &PARM01
 tRef =		13.8423,  13.8102,  13.7423,  13.6730,  13.6067,  13.5445,
		13.4837,  13.4074,  13.3120,  13.2068,  13.1020,  12.9988, 
		12.8859,  12.7799,  12.6689,  12.5519,  12.4312,  12.3065,
		12.1833,  12.0639,  11.9493,  11.8436,  11.7459,  11.6520, 
		11.5466,  11.4469,  11.3509,  11.2602,  11.1715,  11.0844,
		10.9975,  10.9105,  10.8236,  10.7367,  10.6499,  10.5699, 
		10.4923,  10.4150,  10.3378,  10.2605,  10.1835,  10.1096,
		10.0362,   9.96884,  9.90144,  9.83169,  9.76197,  9.69022, 
		 9.61889,  9.55144,  9.48398,  9.41433,  9.34475,  9.27410,
		 9.20395,  9.14000,  9.07605,  9.01035,  8.94463,  8.87688, 
		 8.80910,  8.73915,  8.66920,  8.59760,  8.52646,  8.46226,
		 8.39812,  8.33367,  8.26936,  8.20636,  8.14350,  8.08210, 
		 8.02071,  7.95821,  7.89574,  7.83264,  7.76956,  7.70571,
		 7.64223,  7.58538,  7.52853,  7.47053,  7.41228,  7.34718, 
		 7.28208,  7.21558,  7.14945,  7.09075,  7.03204,  6.97184,
		 6.91157,  6.84822,  6.78492,  6.72152,  6.65825,  6.59715, 
		 6.53613,  6.47593,  6.41580,  6.35660,  6.29742,  6.23787,
		 6.17836,  6.11901,  6.05991,  6.00701,  5.95410,  5.90055, 
		 5.84700,  5.79290,  5.73891,  5.68741,  5.63592,  5.58417,
		 5.53242,  5.48027,  5.42825,  5.37980,  5.33138,  5.28363, 
		 5.23588,  5.18778,  5.13969,  5.09154,  5.04340,  4.99500,
		 4.94660,  4.89795,  4.84946,  4.80581,  4.76220,  4.71975, 
		 4.67730,  4.63455,  4.59195,  4.55395,  4.51597,  4.47837,
		 4.44077,  4.40282,  4.36487,  4.32652,  4.28817,  4.24937, 
		 4.21057,  4.17112,  4.13164,  4.09074,  4.04984,  4.00844,
		 3.96715,  3.92920,  3.89135,  3.85660,  3.82185,  3.78665, 
		 3.75159,  3.72114,  3.69070,  3.66035,  3.63001,  3.59946,
		 3.56891,  3.53821,  3.50751,  3.47646,  3.44549,  3.41714, 
		 3.38880,  3.36035,  3.33188,  3.30218,  3.27246,  3.24176,
		 3.21109,  3.18109,  3.15117,  3.12412,  3.09708,  3.06983, 
		 3.04268,  3.01973,  2.99678,  2.97343,  2.95007,  2.92562,
		 2.90117,  2.87622,  2.85127,  2.82587,  2.80047,  2.77462, 
		 2.74882,  2.72517,  2.70153,  2.67788,  2.65430,  2.63355,
		 2.61280,  2.59175,  2.57066,  2.54711,  2.52361,  2.50256, 
		 2.48165,  2.46750,  2.45325,  2.43340,  2.41348,  2.38898,
		 2.36458,  2.34553,  2.32648,  2.30658,  2.28665,  2.26440, 
		 2.24219,  2.22199,  2.20181,  2.18236,  2.16293,  2.14413,
		 2.12529,  2.10319,  2.08109,  2.05894,  2.03681,  2.01521, 
		 1.99363,  1.97273,  1.95176,  1.92431,  1.89696,  1.87671,
		 1.85648,  1.83768,  1.81887,  1.79787,  1.77685,  1.75375, 
		 1.73068,  1.70878,  1.68690,  1.66675,  1.64663,  1.62818,
		 1.60974,  1.59264,  1.57553,  1.55638,  1.53723,  1.51698, 
		 1.49673,  1.47563,  1.45455,  1.43550,  1.41647,  1.39952,
		 1.38254,  1.36094,  1.33934,  1.31809,  1.29686,  1.27681, 
		 1.25680,  1.24185,  1.22689,  1.21109,  1.19529,  1.17809,
		 1.16089,  1.14449,  1.12812,  1.11567,  1.10318,  1.08423, 
		 1.06531,  1.04961,  1.03388,  1.01233,  0.990805, 0.974005,
		 0.957229, 0.944129, 0.931031, 0.917831, 0.904645, 0.893745, 
		 0.882827, 0.867577, 0.852351, 0.841401, 0.830500, 0.830500,
		 0.830483, 0.826283, 0.822079, 0.816529, 0.810993, 0.808993, 
		 0.807000, 0.807000, 0.807000, 0.807000, 0.807000, 0.807000,
		 0.807000, 0.807000, 0.807000, 0.807000, 0.807000, 0.807000, 
		 0.807000, 0.807000, 0.807000, 0.807000, 0.807000, 0.807000,
		 0.807000, 0.807000, 0.807000, 0.807000, 0.807000, 0.807000,
		 0.807000, 0.807000, 0.807000,
 sRef =		33.7491,  33.8162,  33.9067,  33.9764,  34.0400,  34.1020,
		34.1585,  34.2034,  34.2403,  34.2744,  34.3078,  34.3422, 
		34.3801,  34.4228,  34.4591,  34.4885,  34.5136,  34.5356,
		34.5558,  34.5774,  34.6018,  34.6215,  34.6391,  34.6561, 
		34.6775,  34.6928,  34.7057,  34.7274,  34.7419,  34.7500,
		34.7580,  34.7660,  34.7741,  34.7821,  34.7901,  34.7956, 
		34.8002,  34.8048,  34.8093,  34.8138,  34.8183,  34.8221,
		34.8258,  34.8281,  34.8305,  34.8329,  34.8354,  34.8377, 
		34.8399,  34.8396,  34.8394,  34.8391,  34.8388,  34.8385,
		34.8382,  34.8374,  34.8366,  34.8358,  34.8349,  34.8333, 
		34.8317,  34.8289,  34.8262,  34.8233,  34.8204,  34.8172,
		34.8140,  34.8108,  34.8075,  34.8042,  34.8008,  34.7974, 
		34.7940,  34.7905,  34.7869,  34.7832,  34.7794,  34.7755,
		34.7716,  34.7676,  34.7635,  34.7594,  34.7552,  34.7505, 
		34.7457,  34.7409,  34.7360,  34.7322,  34.7284,  34.7245,
		34.7205,  34.7165,  34.7124,  34.7084,  34.7044,  34.7006, 
		34.6968,  34.6932,  34.6896,  34.6861,  34.6827,  34.6791, 
		34.6755,  34.6719,  34.6683,  34.6653,  34.6624,  34.6594, 
		34.6564,  34.6534,  34.6504,  34.6481,  34.6457,  34.6435,
		34.6412,  34.6389,  34.6365,  34.6348,  34.6330,  34.6313, 
		34.6296,  34.6280,  34.6264,  34.6250,  34.6236,  34.6222,
		34.6209,  34.6195,  34.6182,  34.6174,  34.6167,  34.6161, 
		34.6156,  34.6150,  34.6145,  34.6141,  34.6138,  34.6135,
		34.6132,  34.6128,  34.6125,  34.6127,  34.6129,  34.6131, 
		34.6132,  34.6136,  34.6139,  34.6148,  34.6157,  34.6166,
		34.6175,  34.6185,  34.6195,  34.6205,  34.6215,  34.6225, 
		34.6235,  34.6247,  34.6259,  34.6272,  34.6284,  34.6294,
		34.6303,  34.6309,  34.6315,  34.6321,  34.6326,  34.6345, 
		34.6363,  34.6383,  34.6403,  34.6417,  34.6430,  34.6439,
		34.6447,  34.6459,  34.6470,  34.6490,  34.6509,  34.6529, 
		34.6550,  34.6585,  34.6620,  34.6655,  34.6689,  34.6712,
		34.6735,  34.6757,  34.6779,  34.6793,  34.6807,  34.6820, 
		34.6832,  34.6851,  34.6869,  34.6889,  34.6908,  34.6923,
		34.6938,  34.6953,  34.6968,  34.6984,  34.7000,  34.7016, 
		34.7031,  34.7044,  34.7057,  34.7068,  34.7079,  34.7088,
		34.7096,  34.7108,  34.7120,  34.7133,  34.7146,  34.7160, 
		34.7173,  34.7188,  34.7202,  34.7216,  34.7230,  34.7243,
		34.7256,  34.7269,  34.7281,  34.7305,  34.7329,  34.7356, 
		34.7383,  34.7392,  34.7400,  34.7404,  34.7407,  34.7416,
		34.7424,  34.7434,  34.7444,  34.7461,  34.7477,  34.7499, 
		34.7521,  34.7534,  34.7547,  34.7550,  34.7553,  34.7558,
		34.7563,  34.7570,  34.7576,  34.7571,  34.7567,  34.7558, 
		34.7550,  34.7545,  34.7541,  34.7538,  34.7535,  34.7533,
		34.7532,  34.7521,  34.7511,  34.7500,  34.7490,  34.7481, 
		34.7472,  34.7470,  34.7468,  34.7464,  34.7461,  34.7457,
		34.7454,  34.7450,  34.7447,  34.7443,  34.7439,  34.7438, 
		34.7438,  34.7435,  34.7433,  34.7428,  34.7423,  34.7415,
		34.7408,  34.7397,  34.7386,  34.7375,  34.7364,  34.7346, 
		34.7329,  34.7311,  34.7293,  34.7284,  34.7275,  34.7252,
		34.7229,  34.7218,  34.7208,  34.7206,  34.7204,  34.7206, 
		34.7207,  34.7204,  34.7201,  34.7204,  34.7206,  34.7203,
		34.7200,  34.7194,  34.7189,  34.7195,  34.7200,  34.7199, 
		34.7198,  34.7197,  34.7197,  34.7196,  34.7196,  34.7195,
		34.7194,  34.7193,  34.7193,  34.7192,  34.7191,  34.7190, 
		34.7190,  34.7189,  34.7189, 
 viscAr= 5.6614e-04,
 diffKrT=5.44e-7,
 diffKrS=5.44e-7,
 rhonil=1029.,
 rhoConstFresh=1000.,
 eosType='JMD95Z',
 hFacMin=0.1,
 hFacInf=0.05,
 hFacSup=5.,
 implicitDiffusion=.TRUE.,
 implicitViscosity=.TRUE.,
 viscC4Leith=2.15,
 viscC4Leithd=2.15,
 viscA4GridMax=0.8,
 useAreaViscLength=.TRUE.,
 bottomDragQuadratic = 0.0021,
 selectImplicitDrag = 2,
 selectP_inEOS_Zc = 1,
 selectVortScheme = 2,
 selectCoriScheme = 1,
 selectBotDragQuadr = 1,
 tempAdvScheme=7,
 saltAdvScheme=7,
 StaggerTimeStep=.TRUE.,
 vectorInvariantMomentum=.TRUE.,
 exactConserv=.TRUE.,
 debuglevel=-1,
 useRealFreshWaterFlux=.TRUE.,
 readBinaryPrec=32,
 writeBinaryPrec=32,
# temp_EvPrRn=0.,
 implicSurfPress = 0.6,
 implicDiv2DFlow = 0.6,
 select_rStar=2,
 nonlinFreeSurf=4,
 bblViscArThickness=30.,
 bblViscAr=1.0,
 bblDiffKrThickness=30.,
 bblDiffKr=0.1,
 /

# Elliptic solver parameters
 &PARM02
 /

# Time stepping parameters
 &PARM03
 nIter0 = 174240,
 endtime= 23673600,
 deltaT = 60.,
 abEps  = 0.1,
 forcing_In_AB=.FALSE.,
 momDissip_In_AB=.FALSE.,
 dumpfreq = 3600.,
 monitorFreq = 60.,
 dumpInitAndLast=.FALSE.,
 /

# Gridding parameters
 &PARM04
 usingCurvilinearGrid=.TRUE.,
 pCellMix_select = 22,
 pCellMix_viscAr = 327*4.e-4,
 pCellMix_diffKr = 327*2.e-4,
 delR = 	3.63110,  3.63110, 3.63110, 3.63110, 3.63110, 3.63110,
		3.63110,  3.63110, 3.63110, 3.63110, 3.63110, 3.63110, 
		3.63110,  3.63110, 3.63110, 3.63110, 3.63110, 3.63110,
		3.63110,  3.63110, 3.63110, 3.63110, 3.63110, 3.63110, 
		3.63110,  3.63110, 3.63110, 3.63110, 3.63110, 3.63110,
		3.63110,  3.63110, 3.63110, 3.63110, 3.63110, 3.63110, 
		3.63110,  3.63110, 3.63110, 3.63110, 3.63110, 3.66865,
		3.66865,  3.79600, 3.79600, 3.92850, 3.92850, 4.06385, 
		4.06385,  4.19950, 4.19950, 4.33350, 4.33350, 4.46495,
		4.46495,  4.59350, 4.59350, 4.71910, 4.71910, 4.84165, 
		4.84165,  4.96165, 4.96165, 5.08030, 5.08030, 5.19880,
		5.19880,  5.31765, 5.31765, 5.43635, 5.43635, 5.55435, 
		5.55435,  5.67160, 5.67160, 5.78900, 5.78900, 5.90765,
		5.90765,  6.02870, 6.02870, 6.15315, 6.15315, 6.28215, 
		6.28215,  6.41655, 6.41655, 6.55600, 6.55600, 6.69930,
		6.69930,  6.84435, 6.84435, 6.98895, 6.98895, 7.13105, 
		7.13105,  7.26910, 7.26910, 7.40110, 7.40110, 7.52425,
		7.52425,  7.63570, 7.63570, 7.73460, 7.73460, 7.82290, 
		7.82290,  7.90470, 7.90470, 7.98350, 7.98350, 8.06010,
		8.06010,  8.13330, 8.13330, 8.20200, 8.20200, 8.26655, 
		8.26655,  8.32815, 8.32815, 8.38710, 8.38710, 8.44190,
		8.44190,  8.49095, 8.49095, 8.53510, 8.53510, 8.57845, 
		8.57845,  8.62715, 8.62715, 8.68610, 8.68610, 8.75695,
		8.75695,  8.83815, 8.83815, 8.92750, 8.92750, 9.02370, 
		9.02370,  9.12695, 9.12695, 9.23730, 9.23730, 9.35345,
		9.35345,  9.47305, 9.47305, 9.59420, 9.59420, 9.71645, 
		9.71645,  9.84090, 9.84090, 9.96840, 9.96840, 10.0990,
		10.0990,  10.2321, 10.2321, 10.3673, 10.3673, 10.5056, 
		10.5056,  10.6492, 10.6492, 10.8002, 10.8002, 10.9596,
		10.9596,  11.1286, 11.1286, 11.3075, 11.3075, 11.4963, 
		11.4963,  11.6928, 11.6928, 11.8941, 11.8941, 12.0983,
		12.0983,  12.3048, 12.3048, 12.5149, 12.5149, 12.7309, 
		12.7309,  12.9559, 12.9559, 13.1939, 13.1939, 13.4491,
		13.4491,  13.7250, 13.7250, 14.0229, 14.0229, 14.3419, 
		14.3419,  14.6796, 14.6796, 15.0353, 15.0353, 15.4106,
		15.4106,  15.8092, 15.8092, 16.2312, 16.2312, 16.6646, 
		16.6646,  17.0933, 17.0933, 17.5164, 17.5164, 17.9550,
		17.9550,  18.4384, 18.4384, 18.9882, 18.9882, 19.6124, 
		19.6124,  20.3080, 20.3080, 21.0660, 21.0660, 21.8804,
		21.8804,  22.7523, 22.7523, 23.6854, 23.6854, 24.6719, 
		24.6719,  25.6865, 25.6865, 26.7079, 26.7079, 27.7308,
		27.7308,  28.7528, 28.7528, 29.7732, 29.7732, 30.7962, 
		30.7962,  31.8243, 31.8243, 32.8557, 32.8557, 33.8888,
		33.8888,  34.9116, 34.9116, 35.9057, 35.9057, 36.8754, 
		36.8754,  37.8400, 37.8400, 38.8282, 38.8282, 39.8687,
		39.8687,  40.9209, 40.9209, 41.9652, 41.9652, 43.0202, 
		43.0202,  44.1227, 44.1227, 45.3028, 45.3028, 46.6294,
		46.6294,  48.1868, 48.1868, 50.0386, 50.0386, 52.1760, 
		52.1760,  54.7465, 54.7465, 58.2947, 58.2947, 61.6494,
		61.6494,  64.8026, 64.8026, 67.9031, 67.9031, 71.0064, 
		71.0064,  74.1328, 74.1328, 77.2896, 77.2896, 80.4794,
		80.4794,  83.7016, 83.7016, 86.9239, 86.9239, 90.1461, 
		90.1461,  93.3683, 93.3683, 96.5905, 96.5905, 99.8127,
		99.8127, 103.035, 103.035, 106.257, 106.257, 109.479, 
		109.479,  112.702, 112.702, 
 /

# Input datasets
 &PARM05
 bathyFile      ='GEBCO2025_on_LLC1080_v13b.bin',
 hydrogThetaFile='../run_1080_327l_classic_dy061_dy121/Theta.0000174240.data',
 hydrogSaltFile ='../run_1080_327l_classic_dy061_dy121/Salt.0000174240.data',
 uVelInitFile   ='../run_1080_327l_classic_dy061_dy121/U.0000174240.data',
 vVelInitFile   ='../run_1080_327l_classic_dy061_dy121/V.0000174240.data',
 pSurfInitFile  ='../run_1080_327l_classic_dy061_dy121/Eta.0000174240.data',
/
